5183 204 66 480 2610 1642 12 44 1234 434 2198 21 1709 18641 15471 1024 1 886 769 821 724 7 633 365 135 2206 7 19441 152 195 4828 4202 917 794 1486 195 15 33 233 3699 11534 5183 2198 16869 1966 7 1787 2020 14151 0 0 0 0 0 0 0 0 0 0 0 0 0 0 0 0 0 0 0 0 0 0 0 0 0 0 0 0 0 0 0 0 0 0 0 0 0 0 0 0 0 0 0 0 0 0 0 0 0 0 0
1282 243 807 1270 379 1142 1 10 4 294 24929 204 4859 16 4859 4553 785 64 5 3316 953 4378 3316 74 83 140 200 13 51 516 485 428 1066 14 475 49 79 15 1005 651 11538 4025 134 1563 36 82 6317 228 994 36 105 1070 5979 10 67 0 0 0 0 0 0 0 0 0 0 0 0 0 0 0 0 0 0 0 0 0 0 0 0 0 0 0 0 0 0 0 0 0 0 0 0 0 0 0 0 0 0 0 0 0
6 8 16867 1080 25 14 23 371 252 90 2706 2724 8 3 2775 4 132 764 643 274 469 60 523 19 6 143 5793 1069 2541 57 12 7 85 813 56 90 7 3 965 3 57 158 25 1 3 5 319 3725 2191 446 252 2706 429 4452 2706 361 585 618 2018 24971 0 0 0 0 0 0 0 0 0 0 0 0 0 0 0 0 0 0 0 0 0 0 0 0 0 0 0 0 0 0 0 0 0 0 0 0 0 0 0 0
2771 8349 2528 1708 330 52 27 32 1213 31 18506 7 4207 77 3500 1188 1708 1668 4211 1365 92 241 982 28 175 175 879 10 4 8349 2528 300 1380 928 4 2528 12 216 876 1275 12 487 518 356 807 12704 18 19 807 4 10 2 12 552 1485 1 2 14 475 330 1708 30 7 786 370 170 20 61 3577 10 120 0 0 0 0 0 0 0 0 0 0 0 0 0 0 0 0 0 0 0 0 0 0 0 0 0 0 0 0 0
8 3266 157 23 1166 103 11 656 43 160 52 27 831 3520 893 63 425 783 58 16 19 6943 8 124 23447 5103 342 1 5434 7739 24 3004 3004 876 490 3004 2 7739 22499 217 9 16 121 269 217 4306 201 11540 12679 96 1387 141 2 0 0 0 0 0 0 0 0 0 0 0 0 0 0 0 0 0 0 0 0 0 0 0 0 0 0 0 0 0 0 0 0 0 0 0 0 0 0 0 0 0 0 0 0 0 0 0
6343 7447 566 70 1749 3129 81 3 120 64 52 27 6048 120 81 5273 1304 88 734 6520 3538 812 129 81 54 359 120 88 1545 81 1 2 43 1331 3 70 36 747 679 5894 81 679 59 170 419 206 0 0 0 0 0 0 0 0 0 0 0 0 0 0 0 0 0 0 0 0 0 0 0 0 0 0 0 0 0 0 0 0 0 0 0 0 0 0 0 0 0 0 0 0 0 0 0 0 0 0 0 0 0 0
2627 4617 5 785 101 15699 213 851 429 851 109 61 530 108 1438 19761 429 1 7371 49 144 8 3600 139 586 286 148 9832 78 463 463 2371 429 4 692 25 20 56 16 68 7 70 1378 1059 83 869 17866 724 2470 64 177 120 0 0 0 0 0 0 0 0 0 0 0 0 0 0 0 0 0 0 0 0 0 0 0 0 0 0 0 0 0 0 0 0 0 0 0 0 0 0 0 0 0 0 0 0 0 0 0 0
137 954 699 9 1 97 5864 54 5539 29010 88 160 177 253 7811 92 22 32 120 22 22650 128 1427 538 1403 938 6 1160 789 20796 84 6 4945 125 7506 636 13 2 87 67 7 85 1571 2321 16942 144 2684 83 131 1 3899 51 0 0 0 0 0 0 0 0 0 0 0 0 0 0 0 0 0 0 0 0 0 0 0 0 0 0 0 0 0 0 0 0 0 0 0 0 0 0 0 0 0 0 0 0 0 0 0 0
2568 23793 14056 71 1132 45 23 133 2006 1055 6144 550 899 13 230 44 269 203 5910 235 5910 671 6 5142 72 269 203 200 3675 457 169 486 25403 4981 1048 2050 1760 26 26 2815 260 1187 684 312 1073 119 1073 302 1760 473 1257 169 1 93 339 128 19 503 151 894 48 0 0 0 0 0 0 0 0 0 0 0 0 0 0 0 0 0 0 0 0 0 0 0 0 0 0 0 0 0 0 0 0 0 0 0 0 0 0 0
44 485 411 2309 236 144 12275 12776 54 55 150 216 485 1317 6726 1324 1796 3917 4698 1796 3670 7842 6726 1324 28 1796 2253 6978 188 600 10 6726 1324 119 371 2139 13548 13548 847 86 10 193 1404 2356 1896 8260 249 291 5874 1323 282 144 443 6726 123 1315 28097 28080 454 1315 1392 460 15045 2209 58 986 48 6726 3 1034 54 8322 222 527 2356 1324 1796 5526 4 1324 493 48 3426 3046 43 86 1796 456 29 242 1829 969 100 1796 340 8502 18137 193 59 174
954 1182 498 315 5691 4 5691 16258 1736 61 1893 42 5696 225 19 79 4 2520 24 694 219 384 14075 174 245 220 4708 5 42 1383 19 2572 7526 45 5 2520 1518 1110 327 9 191 254 107 45 6267 49 4 1194 746 89 294 476 248 1714 39 99 2520 99 803 351 105 79 5077 154 174 2520 4635 2520 136 8302 1 10 670 243 195 94 947 1344 248 18907 437 477 352 174 42 683 60 5072 2710 63 286 3264 63 225 2753 2763 733 4635 19 4
6175 564 426 3110 950 283 364 1940 1320 1089 39 9 27 3 115 564 54 150 18 73 531 11 2985 3 158 868 21430 381 531 75 155 5 7646 922 7400 1456 845 27958 117 21 845 18269 2761 1 2199 2006 5327 6175 64 65 3054 190 28477 4312 265 62 253 1254 106 572 992 5813 2003 152 0 0 0 0 0 0 0 0 0 0 0 0 0 0 0 0 0 0 0 0 0 0 0 0 0 0 0 0 0 0 0 0 0 0 0 0
1174 432 182 2098 956 8214 3362 1174 3397 182 10 20 168 435 10 2 7399 341 357 2293 1709 7399 2943 271 1954 91 81 271 2623 68 402 47 331 91 1261 4672 1954 81 1 2805 1009 81 441 19284 856 1261 1205 3868 29 10 2352 1009 81 29 2352 441 3726 81 12098 3 12 1009 10 2 2006 168 938 6 4738 347 164 700 10 299 1 6 3420 129 8225 1422 16 605 13 1297 4530 28069 7505 8920 18721 36 704 5906 865 501 1660 23849 17656 1843 104 2984
9498 83 12174 230 7433 60 53 6 423 6851 1967 35 164 2 303 745 564 10 24 358 559 127 8180 2862 964 21 14 475 1300 7 787 14 10 85 78 188 6 964 200 108 297 303 7189 1003 6 395 3455 827 265 532 67 4460 87 179 67 1464 2420 0 0 0 0 0 0 0 0 0 0 0 0 0 0 0 0 0 0 0 0 0 0 0 0 0 0 0 0 0 0 0 0 0 0 0 0 0 0 0 0 0 0 0
93 16933 65 15 738 7347 766 1116 90 1521 13 39 1945 1503 101 109 366 72 152 13 3263 1 12278 3266 45 159 1260 8 446 87 67 1127 8789 411 71 3681 33 12196 3872 972 1028 65 23 137 150 28327 177 120 0 0 0 0 0 0 0 0 0 0 0 0 0 0 0 0 0 0 0 0 0 0 0 0 0 0 0 0 0 0 0 0 0 0 0 0 0 0 0 0 0 0 0 0 0 0 0 0 0 0 0 0
9 187 8987 2938 7059 9622 9725 15647 10959 4244 35 121 8993 2201 139 672 65 265 14657 1070 67 7183 1070 1141 8771 1833 1685 351 1066 269 303 6133 203 309 54 135 18 309 178 1345 54 191 1228 57 158 25 21 464 2229 102 273 119 15 49 85 287 190 186 185 0 0 0 0 0 0 0 0 0 0 0 0 0 0 0 0 0 0 0 0 0 0 0 0 0 0 0 0 0 0 0 0 0 0 0 0 0 0 0 0 0
283 136 283 645 3 11 4728 3 671 16 250 283 60 671 3 160 13 60 1961 1155 2325 485 2203 1211 1551 2014 141 2668 402 5320 141 266 2203 537 1211 12 6978 1089 1364 422 1984 3969 20435 34 677 73 1413 55 12 72 72 714 314 2033 314 485 28976 264 3 1346 852 136 1 155 17 205 314 2033 1 1523 3 4915 1003 60 50 60 677 55 397 23 60 1155 34 23 228 8693 1001 386 3837 3 23 60 11 678 33 249 187 5691 35 373
31 20517 185 9065 337 1688 2 270 1077 3770 6201 2405 3364 527 26843 307 688 8553 527 58 1363 28 6115 2552 62 6510 31 465 689 58 1752 26 37 482 565 3025 770 368 93 297 132 1131 1363 134 575 4161 1802 3563 130 1688 3673 56 25072 270 1077 853 7344 6716 384 400 211 0 0 0 0 0 0 0 0 0 0 0 0 0 0 0 0 0 0 0 0 0 0 0 0 0 0 0 0 0 0 0 0 0 0 0 0 0 0 0
11143 71 14226 1087 825 280 28641 16 121 13 7 2 307 18118 127 309 101 461 78 11 543 1802 877 403 2 1135 1776 2334 513 180 4 4426 2435 5605 1371 12756 39 841 9574 145 301 236 1820 213 1673 11 1 2250 4 145 26449 29 12 11 765 28 4991 34 543 20 11802 362 31 125 2 212 306 2286 1287 876 141 287 4540 4807 600 6196 603 2163 68 20 61 206 104 2 49 85 0 0 0 0 0 0 0 0 0 0 0 0 0 0
8981 16190 2591 656 135 656 1798 8 16143 1826 1130 9429 4186 187 9423 4079 4244 68 146 1066 1714 39 102 1217 28548 2038 679 8428 16002 18049 3 407 24523 6897 391 8 9111 9052 115 9581 81 1909 35 262 1253 1072 81 2565 8 1609 5788 13465 1563 152 4186 1701 0 0 0 0 0 0 0 0 0 0 0 0 0 0 0 0 0 0 0 0 0 0 0 0 0 0 0 0 0 0 0 0 0 0 0 0 0 0 0 0 0 0 0 0
383 229 1100 4465 306 2017 545 798 2228 248 248 64 1430 2743 27237 1064 798 13 1513 374 15 8347 275 946 1080 2000 465 858 15 15 85 530 1099 315 1013 2595 1840 101 56 16030 0 0 0 0 0 0 0 0 0 0 0 0 0 0 0 0 0 0 0 0 0 0 0 0 0 0 0 0 0 0 0 0 0 0 0 0 0 0 0 0 0 0 0 0 0 0 0 0 0 0 0 0 0 0 0 0 0 0 0 0
280 2424 3262 2487 3288 197 4085 21 12753 60 248 5562 447 2753 5209 27179 9 392 96 10 121 54 827 99 14179 17902 3702 1318 1 291 147 132 94 1841 248 11777 280 2424 2243 3503 1841 58 242 1226 21 273 20 1841 291 158 416 640 160 78 2698 30 11 915 58 280 4085 142 25 1841 205 448 54 1220 333 412 15011 3341 24695 139 376 863 3341 14410 0 0 0 0 0 0 0 0 0 0 0 0 0 0 0 0 0 0 0 0 0 0
1678 163 38 27345 13 3183 6 4448 668 363 3076 22 21 202 7 169 4862 1268 309 190 930 941 22 2957 2340 772 1973 31 3655 232 4621 820 2 450 1973 13568 579 2290 5454 14 2254 917 1095 1095 8130 2822 11197 572 1862 345 117 811 1431 78 6 7 10253 4862 1005 9505 134 618 1389 36 13 163 886 214 5519 303 13 309 130 2 1268 685 2254 1361 16201 82 2074 1818 668 363 50 12739 0 0 0 0 0 0 0 0 0 0 0 0 0 0
895 70 238 989 843 78 1061 2063 1 465 33 249 205 3 1847 1 1065 17 465 460 4 1129 1476 4 116 356 1588 1134 4 1633 1505 70 893 1 2 322 153 1289 4 139 55 328 1118 154 340 12379 578 2341 17 298 853 5 15 319 0 0 0 0 0 0 0 0 0 0 0 0 0 0 0 0 0 0 0 0 0 0 0 0 0 0 0 0 0 0 0 0 0 0 0 0 0 0 0 0 0 0 0 0 0 0
1648 109 28208 950 283 145 169 9 145 446 346 14139 392 71 65 784 532 6 26920 536 10660 146 110 8778 110 13210 197 1588 744 328 784 47 2566 100 12 508 5 197 117 169 1545 26 4840 3581 132 960 117 8974 4435 243 1097 117 209 288 12 565 1 2 126 20 36 0 0 0 0 0 0 0 0 0 0 0 0 0 0 0 0 0 0 0 0 0 0 0 0 0 0 0 0 0 0 0 0 0 0 0 0 0 0 0
330 848 191 2268 3 82 747 6860 23057 96 18 478 727 43 193 44 2 244 1717 70 3230 1013 1708 647 314 2826 62 3742 5189 9 18700 314 18700 314 686 2362 2583 1 723 62 28222 20412 5659 314 647 314 1006 740 314 2362 79 8 18700 314 2268 2268 37 2268 1517 795 15704 4520 4446 1174 2268 91 16120 559 3 182 1 2 58 3083 206 79 185 7143 5133 9417 59 2132 2814 2268 893 534 167 21 520 0 0 0 0 0 0 0 0 0 0 0
153 3 13 51 1243 1000 2120 10643 498 112 34 28275 15321 12 27053 1032 3 4 28 26 6876 12 766 1493 26 1221 10 4 3 28 264 16 18 38 3663 3 858 4 1361 51 276 3 762 1361 15337 1586 1586 1657 0 0 0 0 0 0 0 0 0 0 0 0 0 0 0 0 0 0 0 0 0 0 0 0 0 0 0 0 0 0 0 0 0 0 0 0 0 0 0 0 0 0 0 0 0 0 0 0 0 0 0 0
1147 1019 5913 42 290 1019 1277 71 373 9 1019 307 2755 159 370 8444 235 8449 223 663 3608 286 819 71 44 423 58 140 13 1136 853 4388 1211 4934 64 1019 438 1138 16 8951 1019 906 1138 19 2979 1138 12 1 342 249 41 21 5962 90 1138 2233 2646 402 19382 77 19 8940 1770 1138 132 15886 55 123 1735 853 0 0 0 0 0 0 0 0 0 0 0 0 0 0 0 0 0 0 0 0 0 0 0 0 0 0 0 0 0 0
382 2529 3126 10 1123 5641 5909 869 402 1163 244 3126 22 8473 4153 525 2211 1027 1489 62 575 1574 797 1574 372 27027 97 112 97 281 110 2065 338 53 32 1213 15725 292 12678 1161 11450 123 244 17 1353 469 74 1572 1050 14399 454 292 249 73 292 6 1085 498 238 49 281 73 137 476 49 2519 73 238 30 5043 61 17 281 15106 3941 873 3024 1425 383 7005 30 30 1340 86 3078 74 1572 1050 157 114 24712 65 21566 27316 28162 171 208 969 1572 1050
803 45 3048 62 3973 391 39 20389 313 68 7612 20366 360 294 906 54 4370 679 361 1550 4441 19689 8894 1279 1706 11451 112 773 5 16846 54 55 666 192 168 704 917 4633 1 9754 2009 6247 428 55 503 319 4370 9 268 799 3227 4370 54 135 0 0 0 0 0 0 0 0 0 0 0 0 0 0 0 0 0 0 0 0 0 0 0 0 0 0 0 0 0 0 0 0 0 0 0 0 0 0 0 0 0 0 0 0 0 0
66 417 6908 7728 282 541 3 1108 68 2592 101 12 18 5 478 114 681 7 148 181 132 157 1965 148 30 171 1108 3018 1499 2266 276 278 742 2592 278 472 430 5136 19 164 4 13 1627 389 2569 2868 5750 14 3803 50 3 0 0 0 0 0 0 0 0 0 0 0 0 0 0 0 0 0 0 0 0 0 0 0 0 0 0 0 0 0 0 0 0 0 0 0 0 0 0 0 0 0 0 0 0 0 0 0 0 0
1936 3802 991 181 64 58 330 7411 67 107 339 55 22187 2156 355 16889 15096 3949 7245 1044 8789 2738 3942 976 2421 44 2272 1388 12381 9619 19087 5254 10328 269 8616 16889 22453 12680 1320 9940 340 1066 748 1617 200 2450 54 192 2503 92 407 138 1310 2071 3989 201 1467 22439 155 17 6766 1173 1414 1237 368 1414 676 7 1414 3146 1388 60 1182 3605 0 0 0 0 0 0 0 0 0 0 0 0 0 0 0 0 0 0 0 0 0 0 0 0 0 0
5 27 9 66 3 202 18 53 7617 360 24 24 24438 27 7614 2737 156 11410 30 27 2473 785 40 348 17 2 33 249 66 130 1198 171 27220 27221 253 1201 3594 16142 953 3993 2402 1290 3954 1402 4 4 883 3328 155 101 1172 17984 0 0 0 0 0 0 0 0 0 0 0 0 0 0 0 0 0 0 0 0 0 0 0 0 0 0 0 0 0 0 0 0 0 0 0 0 0 0 0 0 0 0 0 0 0 0 0 0
121 93 4877 450 3 9 26 25 295 2043 9084 72 2724 26572 165 362 4 3 986 197 51 93 84 3074 9 322 241 1221 1530 77 53 5 5806 29 1568 26572 1 260 416 2244 4 20 9 84 1892 5 4710 19 425 674 77 792 1 33 61 3933 19527 3 2568 2 126 2376 287 190 2984 286 26 186 2673 103 20 61 0 0 0 0 0 0 0 0 0 0 0 0 0 0 0 0 0 0 0 0 0 0 0 0 0 0 0 0
2291 299 15 22009 1636 218 230 1636 1801 338 838 1508 2165 1559 95 1024 4110 1636 241 64 1373 132 1085 9107 323 166 1607 8299 373 8946 19701 10317 119 24505 12399 872 1391 21937 3929 317 19721 156 4616 4089 1905 19721 28578 19721 1789 8066 2259 25238 416 438 25238 173 0 0 0 0 0 0 0 0 0 0 0 0 0 0 0 0 0 0 0 0 0 0 0 0 0 0 0 0 0 0 0 0 0 0 0 0 0 0 0 0 0 0 0 0
512 82 205 84 646 276 552 14689 1570 84 46 1228 6174 42 351 557 14705 7744 943 1743 557 4603 2315 323 1109 14132 1743 1109 68 375 22 581 396 9758 442 10365 9130 136 6653 223 22 442 2917 148 8329 67 223 2971 158 4615 100 1259 297 674 147 832 1922 25 1272 158 335 7 6658 1880 152 26515 84 21 351 20 616 4 640 562 156 20 2882 3429 1296 726 1 2 50 60 351 140 2 23 371 365 855 351 1620 147 291 5390 9133 5939 1815 19134
101 660 95 8613 32 2998 2041 72 1108 241 32 660 1430 604 171 455 1268 660 8 7 850 2497 171 555 32 1151 459 3921 558 222 6406 414 210 25203 138 277 1449 2090 1971 4540 216 25203 1676 860 12 4315 4426 326 482 4 210 660 198 12213 2671 25142 30 635 37 535 28744 8 243 148 117 2920 5 521 37 156 303 1240 11 0 0 0 0 0 0 0 0 0 0 0 0 0 0 0 0 0 0 0 0 0 0 0 0 0 0 0
3358 2225 103 209 6749 64 1799 93 16135 2445 3927 572 175 33 3529 100 4568 2107 348 702 394 3927 2445 787 24085 18917 1590 86 2032 6263 1484 143 64 3358 26802 3002 394 1837 2750 379 2278 55 218 2748 17092 51 77 648 252 1005 116 394 55 3936 252 2107 1462 489 555 5038 5038 978 23230 3899 17 17094 1926 343 100 8252 36 1826 1130 123 144 20485 74 607 98 1809 372 77 3502 21542 0 0 0 0 0 0 0 0 0 0 0 0 0 0 0 0
3 928 468 1129 28189 384 2222 123 11 4 1179 1270 393 749 601 43 728 1179 7920 332 12926 114 3006 1 43 324 33 1633 456 22 3850 110 1045 57 12 57 43 456 9365 16244 388 75 3497 10163 576 12 2116 956 272 38 6778 246 6862 1465 162 5446 9 46 620 16256 2401 124 3859 8615 12 404 12412 2777 246 241 721 11148 384 124 3859 8716 15 275 1072 2803 2626 748 86 4005 181 1072 2803 124 94 947 303 2830 1562 192 314 5450 557 12932 12235 24
52 27 34 73 3 4331 6 209 80 34 6653 682 91 81 1 202 12423 10 56 137 1 809 521 289 1524 137 10151 137 8 1524 211 521 1 17931 403 24 211 1065 3 56 5 1524 2780 51 95 9565 521 289 352 1524 0 0 0 0 0 0 0 0 0 0 0 0 0 0 0 0 0 0 0 0 0 0 0 0 0 0 0 0 0 0 0 0 0 0 0 0 0 0 0 0 0 0 0 0 0 0 0 0 0 0
42 769 38 13 2 6 16 78 188 772 1965 58 788 6176 1644 590 6937 30 558 222 507 22 2 1 21 2710 78 188 11 21 2 21683 21685 7 98 4056 10913 83 919 76 4 870 984 26 4 21 11 624 1427 4 1838 11 1939 267 2413 4 775 30 1153 222 59 226 0 0 0 0 0 0 0 0 0 0 0 0 0 0 0 0 0 0 0 0 0 0 0 0 0 0 0 0 0 0 0 0 0 0 0 0 0 0
513 542 58 55 503 2386 3064 6 8 83 199 474 445 3064 79 8 8049 92 470 2739 233 1 155 1429 3976 222 3976 998 647 6149 6 10531 43 6 1011 579 2304 4277 776 2518 12 816 6149 3064 6 8 21 7279 17064 116 1131 207 1 8 17 11 5712 0 0 0 0 0 0 0 0 0 0 0 0 0 0 0 0 0 0 0 0 0 0 0 0 0 0 0 0 0 0 0 0 0 0 0 0 0 0 0 0 0 0 0
9 71 87 179 187 8357 23305 23353 825 6745 62 431 372 3 28861 1140 133 82 2053 9 506 2 1555 362 29 3254 10242 4218 4366 2124 3998 611 207 447 611 3248 207 1 973 10 12 172 11 524 1032 1032 11 30 90 854 2186 138 409 5440 885 54 2904 5440 3722 469 103 14536 0 0 0 0 0 0 0 0 0 0 0 0 0 0 0 0 0 0 0 0 0 0 0 0 0 0 0 0 0 0 0 0 0 0 0 0 0 0
93 189 9 35 9920 269 240 93 1266 70 390 33 340 6894 70 1028 390 53 3349 19451 390 671 160 3428 2827 28566 724 147 8368 7 1061 93 666 461 583 3561 630 99 409 862 967 24159 107 5982 8221 1828 209 213 24173 9604 5 9604 145 12 145 9604 107 1111 1232 485 1205 1544 1205 33 249 21253 107 3277 3719 143 2076 5084 400 447 64 147 34 826 2896 120 0 0 0 0 0 0 0 0 0 0 0 0 0 0 0 0 0 0 0 0
1351 24 65 234 12938 7711 3473 2700 39 772 991 601 7342 24040 42 137 7597 823 44 751 11886 1068 4798 2390 7 5033 4518 123 1083 700 108 6 2917 19 18 4945 815 99 581 1629 40 1360 24081 1083 9586 227 6384 19391 634 2243 1040 7315 19401 16080 15 4 1303 2008 13315 148 357 145 18094 2 5 4 20 15 21 167 38 24 206 0 0 0 0 0 0 0 0 0 0 0 0 0 0 0 0 0 0 0 0 0 0 0 0 0 0 0
313 8 17071 17071 14799 733 5583 805 5050 4692 21400 1735 15347 3395 97 183 70 805 1843 848 1708 330 7348 168 917 8374 2461 315 1432 857 3093 489 53 3479 238 761 1237 15362 805 6979 18949 7485 111 2514 356 1286 552 1864 3136 2514 5416 3797 21 2836 1347 4 805 6979 180 615 124 928 1822 354 1640 6 6979 165 11 1843 13 22 2 23 371 59 206 0 0 0 0 0 0 0 0 0 0 0 0 0 0 0 0 0 0 0 0 0 0 0
307 24 7678 12920 45 38 1893 315 857 196 3192 53 2581 22217 1155 236 18 4377 223 3252 6377 882 396 1632 16 549 65 633 42 78 188 15312 1623 21 712 27448 1200 169 6 651 1200 38 3 118 6775 1860 129 251 650 2081 758 2362 2583 11 2454 3 155 6775 2565 4 129 1 212 43 2 251 650 251 1 293 8 2081 551 318 43 302 758 11 209 2776 91 12 260 1009 43 5 1 0 0 0 0 0 0 0 0 0 0 0 0 0
17 5 51 2528 1 1 710 356 4 17 356 53 5732 5 22437 16 356 5370 820 5081 75 183 7817 10102 109 0 0 0 0 0 0 0 0 0 0 0 0 0 0 0 0 0 0 0 0 0 0 0 0 0 0 0 0 0 0 0 0 0 0 0 0 0 0 0 0 0 0 0 0 0 0 0 0 0 0 0 0 0 0 0 0 0 0 0 0 0 0 0 0 0 0 0 0 0 0 0 0 0 0 0
9 15495 4095 2671 1945 35 27 1724 121 351 3 16 68 7021 89 1105 203 433 336 6 395 5850 1048 7605 348 17114 185 120 31 18 2115 20 414 2885 12 378 1 10 4 2059 462 1777 1531 11 400 970 92 2 11 678 542 2943 2943 11 965 1 2 31 443 4109 8576 2701 3 11 10904 1104 3 1085 104 45 20 0 0 0 0 0 0 0 0 0 0 0 0 0 0 0 0 0 0 0 0 0 0 0 0 0 0 0 0 0
2537 1893 1584 11 209 144 2072 7 98 6 4868 148 11 1809 738 3324 2463 7279 17064 347 464 1 234 204 1020 5 621 899 394 7980 1 273 347 1426 1283 76 2199 1283 6 3748 2427 10 227 3748 3399 10 75 6 1651 1998 1798 134 1686 248 3521 393 3667 5 4235 986 1998 95 11477 1079 592 48 420 0 0 0 0 0 0 0 0 0 0 0 0 0 0 0 0 0 0 0 0 0 0 0 0 0 0 0 0 0 0 0 0 0
1116 32 555 37 7 20 28 961 9898 1 293 28 32 384 965 1716 9898 555 2590 23677 21234 11457 32 118 1116 464 393 27762 3494 58 37 504 1 324 2127 131 2300 116 7512 2 131 155 2063 4 1060 5642 4 967 0 0 0 0 0 0 0 0 0 0 0 0 0 0 0 0 0 0 0 0 0 0 0 0 0 0 0 0 0 0 0 0 0 0 0 0 0 0 0 0 0 0 0 0 0 0 0 0 0 0 0 0
200 154 1447 234 154 3224 220 72 5966 19824 200 5121 4671 11154 28466 12798 685 14580 6263 1738 19976 374 997 2350 5191 8884 78 3979 1816 1899 2209 6112 5194 3253 2660 2398 13260 1444 1416 490 10048 22056 16227 4788 1097 79 246 4925 319 696 7868 1771 9119 867 3482 3357 301 5737 2416 1 16 5811 613 1 399 246 1737 1274 4047 1815 4607 10347 374 4460 10387 3170 374 6025 1457 2129 2272 9063 15064 2378 1072 62 195 3361 4376 45 10359 1451 10880 2378 1549 948 924 59 894 2378
80 137 109 461 14 6155 40 363 206 101 843 6 193 19558 61 401 897 10242 3 2 682 76 160 1703 8307 2 17 230 2142 3208 1907 4703 3846 3 108 11939 1 112 61 17103 301 301 97 6013 4703 3 151 19738 59 166 285 232 2 232 2777 50 153 17 11 0 0 0 0 0 0 0 0 0 0 0 0 0 0 0 0 0 0 0 0 0 0 0 0 0 0 0 0 0 0 0 0 0 0 0 0 0 0 0 0 0
78 2475 1761 4018 97 11847 332 4864 2481 3283 1894 398 398 47 3256 398 12 126 290 398 136 548 326 1 2 414 388 186 233 294 215 4836 388 12 1633 442 414 393 468 4 40 23706 1633 311 5 12975 100 521 97 1248 227 1992 403 926 5 4303 928 2 76 186 76 12 1633 27 14 41 9878 795 15 3301 112 581 1517 7942 284 400 521 113 8859 1995 1389 139 223 702 223 3961 100 1517 7607 100 6369 7724 521 225 3195 9449 2054 209 290 48
3202 220 3133 307 94 625 1726 1275 112 764 1068 43 986 197 10 63 185 12 657 103 1033 4841 5112 675 519 118 313 255 246 62 7151 37 3 2 142 26 119 657 25 2195 29 495 9487 157 536 6991 255 1033 2705 3122 173 1202 125 640 2 47 738 562 51 43 456 1331 124 854 84 949 4305 4233 1335 888 220 1881 321 20 1145 744 456 1584 11 324 54 14 2 148 1865 78 188 1811 7006 573 282 85 1312 24253 80 10 194 59 226 170
1005 3302 98 2883 717 74 32 524 1159 839 4880 524 1159 468 1 1859 508 74 1159 12 839 4880 4 1311 137 218 32 11778 2133 951 118 1965 2286 766 210 2950 675 356 312 1580 519 1580 4 766 356 16 5957 8 312 4 17 1 1498 3675 704 7 98 666 99 1865 123 7122 123 1811 427 667 34 3753 93 3741 848 506 687 279 5 4 12 410 3 5 3741 4 2343 783 4 848 13 1133 96 463 589 15 55 30 118 274 2399 1965 508 196
998 980 9116 4070 42 962 849 24152 42 924 7 1542 1787 10228 30 313 2401 849 1733 22387 4656 57 356 84 2189 72 34 54 3085 707 34 1907 9909 117 356 766 22430 91 22430 4073 7 2189 110 284 33 1369 129 4881 181 12968 8 1592 532 63 3476 356 0 0 0 0 0 0 0 0 0 0 0 0 0 0 0 0 0 0 0 0 0 0 0 0 0 0 0 0 0 0 0 0 0 0 0 0 0 0 0 0 0 0 0 0
35 2738 15506 1800 1176 14175 1843 2114 87 67 13 64 2783 159 18 12384 10959 10563 130 1469 622 13 22 128 138 47 5 901 26 6 1675 502 8 2807 29 56 209 1256 5001 1062 1482 26 1062 1271 6 434 515 1234 1481 102 9932 158 25 3010 26 1007 379 126 4077 20 1007 26 3010 21 4316 29 406 359 4 23 52 27 8736 5447 30 190 32 900 14 620 14 97 1611 1961 1515 2252 659 50 60 45 6 205 1481 126 0 0 0 0 0 0
147 4022 130 4 1330 638 5456 18 603 5 5547 50 60 333 25 1069 1330 4 18 285 1963 1786 1 2 547 11 546 5 152 202 137 2920 177 30 292 2819 94 177 25853 177 10 37 80 281 200 614 829 8353 752 110 1184 1178 0 0 0 0 0 0 0 0 0 0 0 0 0 0 0 0 0 0 0 0 0 0 0 0 0 0 0 0 0 0 0 0 0 0 0 0 0 0 0 0 0 0 0 0 0 0 0 0
2045 96 4244 5980 4823 87 179 1070 8930 1917 2045 1141 672 2406 10234 12026 10907 3499 208 4901 149 134 23571 1243 38 873 265 70 24 95 83 363 1268 1175 171 859 34 20667 5607 73 23 22 10 594 8291 7211 11470 326 20038 278 19155 23412 594 784 15462 2467 2667 1673 2012 409 3726 2290 410 765 1894 19 10 120 61 10 64 114 1268 1175 171 364 213 17002 34 2673 103 2 2441 3 21 16 75 19155 23412 296 6677 10 20038 278 379 82 587 504 43 10
2483 1512 28357 6069 9082 1318 9556 5770 238 1091 990 6 42 992 1262 848 13 453 767 305 1539 9467 480 23467 5998 2877 727 2202 827 485 2307 1890 972 81 7105 15203 307 263 88 81 751 4 123 123 271 81 16 230 271 2907 81 751 1559 1184 1178 29 232 5910 211 338 1210 1483 972 11288 81 842 374 633 0 0 0 0 0 0 0 0 0 0 0 0 0 0 0 0 0 0 0 0 0 0 0 0 0 0 0 0 0 0 0 0
620 811 4327 1669 336 893 1499 120 15 20 1083 86 162 119 502 1371 547 7475 2446 3 547 1165 12048 43 3609 43 1054 11 841 4 1822 354 75 23415 37 12 705 20 547 547 546 312 3 1 3723 4630 334 781 119 11 4720 291 13414 277 313 2809 5 3711 525 2329 15958 8750 5454 106 5692 139 247 327 94 336 1850 16 57 0 0 0 0 0 0 0 0 0 0 0 0 0 0 0 0 0 0 0 0 0 0 0 0 0 0 0
22 1776 7 98 2989 7112 8490 33 2703 1411 3264 7 257 13934 1627 2596 1016 94 22257 143 2588 1191 6932 7813 13385 92 17 498 7 13385 852 143 92 5 13385 6838 5 13385 7 1486 100 3444 4246 6838 141 498 1060 112 4295 1060 367 317 1649 10576 94 367 3375 6106 850 94 5206 36 702 144 5 7 292 27 253 254 3133 674 249 31 31 3133 84 7 253 16 31 5685 45 4479 1630 3232 11230 1085 74 48 132 4 2217 4 2272 1 866 135 0 0
3101 187 7284 4789 21057 240 128 578 21045 530 156 263 671 114 5 925 25141 13 6 51 70 982 25965 1933 120 123 123 590 1317 394 232 21006 637 466 206 645 3 23 28 232 21006 16 88 23 19 1928 1 19 16 261 6 2850 88 23 17 1426 15183 563 6 1537 3249 10572 689 18 1 3 6 168 6 21 30 862 2208 271 1 212 319 20 61 167 21006 50 8280 17 88 0 0 0 0 0 0 0 0 0 0 0 0 0 0 0
189 12897 9 146 12 691 78 188 198 34 148 277 67 277 307 228 2761 164 4738 347 12 6 6 43 228 3 11 56 13918 1740 929 4 807 11462 6 1488 75 228 122 1659 277 1 2 16972 2317 2023 88 7811 120 1387 872 14 228 1157 109 74 117 269 2021 32 7 918 189 583 0 0 0 0 0 0 0 0 0 0 0 0 0 0 0 0 0 0 0 0 0 0 0 0 0 0 0 0 0 0 0 0 0 0 0 0
452 1054 166 285 5405 1224 16011 230 285 25 617 1764 5263 2543 242 2132 261 682 2292 57 325 1086 2 227 4596 57 2315 7015 395 113 59 226 167 168 6679 113 1198 2967 81 168 1235 19 4 1235 5275 2565 126 1264 4941 1450 1065 123 947 1189 1450 266 4941 15 212 41 17 970 1600 305 341 1 3260 4941 29 1 2575 2433 5997 3383 113 59 226 206 614 23 104 158 25 665 23 13378 130 126 20 216 457 1353 777 3703 113 2397 457 126 588 7612
1722 19 69 559 104 93 33 80 910 6015 591 20 1601 6540 2 21 205 337 32 19812 196 829 620 104 257 234 36 181 234 1 118 191 1212 8 9914 1218 6647 132 609 55 86 293 8 1212 2862 205 21 20 61 0 0 0 0 0 0 0 0 0 0 0 0 0 0 0 0 0 0 0 0 0 0 0 0 0 0 0 0 0 0 0 0 0 0 0 0 0 0 0 0 0 0 0 0 0 0 0 0 0 0 0
1084 9 69 252 83 919 1172 9 3 761 147 147 9062 254 478 1554 148 7 21502 8380 181 24638 4401 481 5996 8997 127 1078 143 7 1699 100 148 9842 78 188 2632 752 5701 1290 18464 118 1213 872 112 21 3 93 1905 504 2936 2821 687 169 956 26 1060 1814 833 252 229 1046 2347 164 1 342 2425 30 32 213 1943 322 2852 0 0 0 0 0 0 0 0 0 0 0 0 0 0 0 0 0 0 0 0 0 0 0 0 0 0 0
8647 10260 8524 9526 417 9 38 3 135 2 564 311 3192 16 2490 64 1140 17035 9 23 6 297 365 3 2 89 8 55 22 3010 267 6944 474 1349 296 1349 3 775 317 15762 635 937 111 43 5187 43 2 23 3913 15755 2448 182 1058 4 958 1196 18672 958 11250 27 20 103 4 382 28789 298 1872 21 55 86 41 13 1676 8 3 193 1562 2827 3 3916 26368 14 7049 134 13343 6 3374 6640 4497 20 15755 2448 182 287 474 1598 853 3575 21 3
523 195 6310 645 14 1361 2830 5 1533 1533 9532 369 1743 523 48 884 634 5 412 3160 1025 412 28 1279 403 1025 1644 861 682 26148 5 28 77 10 211 343 400 680 4902 1649 288 1006 858 196 437 276 65 203 2162 7 390 663 15710 523 0 0 0 0 0 0 0 0 0 0 0 0 0 0 0 0 0 0 0 0 0 0 0 0 0 0 0 0 0 0 0 0 0 0 0 0 0 0 0 0 0 0 0 0 0 0
537 161 32 147 443 129 966 100 473 43 47 67 714 3135 129 2250 26 6300 72 965 1353 262 72 583 1088 72 125 381 473 91 10555 385 2187 17 2496 12077 26 367 4430 7291 937 2 149 5419 1252 30 278 352 102 3580 1181 18946 769 244 83 13828 1657 11 5503 244 100 3146 4781 1916 488 15742 2822 749 102 2682 382 488 30 3 73 4 24 32 491 8315 381 2250 8751 11783 615 238 992 24 491 491 393 122 342 9682 36 6104 36 916 55 1335
392 96 2789 832 35 6 121 21841 1066 671 68 235 154 269 3570 11782 8586 13 686 20860 1101 224 150 1413 1215 1060 2520 1110 1866 785 1215 529 5926 987 272 261 26 1215 12 165 2355 10 1640 48 10925 156 2043 1060 1 2 3254 12 3427 216 29 1077 554 4838 12 3769 689 216 48 1988 2 140 23 1225 1 2 0 0 0 0 0 0 0 0 0 0 0 0 0 0 0 0 0 0 0 0 0 0 0 0 0 0 0 0 0 0
523 241 1928 62 24 24913 16208 2 20867 5 523 2 4860 11222 9 37 285 39 52 27 88 751 6321 89 653 3903 181 53 1866 605 1078 826 178 408 35 3119 53 114 69 198 115 7 275 1300 152 1611 3060 1635 3060 278 241 310 2171 2133 20957 268 1976 396 1125 1346 18645 2559 4330 1575 396 116 1334 4 3 1125 494 285 2 92 191 5975 5791 8 102 13244 92 1 256 3 202 344 331 4175 22 97 19 6611 153 0 0 0 0 0 0 0
404 4705 4668 520 8 13 103 2 523 3 691 11 2421 1104 676 17017 727 3188 3847 123 123 61 33 19461 89 4770 7387 7800 8 128 91 57 220 28 2994 319 130 126 1672 2593 2 75 57 16 6034 2623 15355 730 111 1365 1 25 302 10558 556 1006 102 4505 523 2736 2163 16 1560 1428 312 1194 1558 11 312 12 270 21 5208 20 251 353 176 33 249 11281 13803 353 2440 1540 3648 4464 77 176 102 10562 7109 1004 2 22 4422 671 297 3 193 419
748 1152 42 383 1754 1000 37 426 911 49 19188 622 25 158 15 20 12 312 28 25615 26 114 290 196 68 28 15 25 2343 4 1181 4029 787 2269 775 30 13223 12 406 19 136 99 320 218 923 58 2 552 11 524 291 3 1111 114 197 28 36 125 125 719 125 15 25 28 2265 1251 15 636 43 14351 5412 290 1780 139 12407 55 4887 3 5000 679 4779 2269 592 315 6710 1013 402 108 412 677 270 3 10993 118 24 366 1677 168 911 521
2017 9 1491 33 1091 71 413 413 4186 13865 3081 18611 4544 32 97 447 447 924 3289 211 1100 35 3645 2912 2587 21684 13 9 489 4579 202 14 1702 1277 71 7 1038 7014 26 388 9556 225 1 213 6253 122 2706 249 2372 424 335 0 0 0 0 0 0 0 0 0 0 0 0 0 0 0 0 0 0 0 0 0 0 0 0 0 0 0 0 0 0 0 0 0 0 0 0 0 0 0 0 0 0 0 0 0 0 0 0 0
6607 330 88 79 395 1240 160 183 173 992 17015 19251 553 6 1171 3433 3 435 783 658 207 2082 215 162 57 326 2 12 318 2168 3511 4443 327 3 154 268 1082 13886 537 729 1 17 8582 164 22 4631 45 127 90 559 1729 1309 14362 59 854 145 295 22 206 0 0 0 0 0 0 0 0 0 0 0 0 0 0 0 0 0 0 0 0 0 0 0 0 0 0 0 0 0 0 0 0 0 0 0 0 0 0 0 0 0
4824 339 2517 510 6867 1471 417 709 1353 107 80 4692 89 382 19 709 330 480 4692 96 97 196 2782 13 10 3012 262 7749 1112 8188 3 7 1813 147 14 7 16 15 85 127 5 83 275 20 9 2928 6 1479 2057 287 134 2001 15 12 110 15 166 625 28 172 2774 28 21705 3473 3 230 1478 2 1 1272 1471 15 4885 1 342 140 3 2 2303 2344 199 1 0 0 0 0 0 0 0 0 0 0 0 0 0 0 0 0 0 0
4167 9 1844 9003 796 78 2698 830 2133 1699 157 157 2098 16 198 5768 482 1538 3642 2481 400 498 1002 259 86 775 4778 5 37 9658 5 2098 3413 5718 117 48 9200 223 12417 1219 1272 30743 9000 6535 2819 21689 821 17031 2952 90 1020 3810 637 25196 30725 9442 637 19306 2944 2944 97 400 427 752 2698 6978 10931 6751 7560 1002 78 2698 1002 14807 1597 4388 455 11990 2326 1431 345 618 9651 2447 80 557 940 7425 1339 124 11 10942 9651 249 4185 481 14383 12874 14383 5280
70 420 5384 66 69 208 3 10 1122 201 70 209 857 196 201 337 7431 3 6090 20921 2065 89 12 2735 2552 7 83 201 2782 873 770 208 4663 7185 2017 635 2735 2552 7 83 7 7866 2566 36 25166 201 1821 1679 83 3 1496 1095 55 236 2373 196 19167 270 74 48 894 1188 0 0 0 0 0 0 0 0 0 0 0 0 0 0 0 0 0 0 0 0 0 0 0 0 0 0 0 0 0 0 0 0 0 0 0 0 0 0
93 5 81 890 62 17 2906 375 81 890 5371 3968 566 438 2906 12 8125 81 16108 122 2125 20924 81 890 1951 70 161 982 252 566 34 12294 81 2896 352 19 10 395 1091 71 5 890 10372 72 87 6 179 11810 19143 104 6 2 12 81 1 790 816 16 3 577 74 170 0 0 0 0 0 0 0 0 0 0 0 0 0 0 0 0 0 0 0 0 0 0 0 0 0 0 0 0 0 0 0 0 0 0 0 0 0 0
3 2 12 1945 340 5107 5793 128 3841 236 358 45 4817 3941 1819 45 16096 2374 9 51 7 11453 3 471 487 5 487 743 1660 58 8 345 6 785 5425 1 6 246 1379 213 386 400 2930 1111 77 1 6 162 11426 358 1274 2365 317 9 311 712 117 1388 14 370 66 3644 24 167 0 0 0 0 0 0 0 0 0 0 0 0 0 0 0 0 0 0 0 0 0 0 0 0 0 0 0 0 0 0 0 0 0 0 0 0
6596 712 204 195 48 420 152 457 509 230 1799 284 7873 12272 21739 589 96 1149 525 15835 14299 112 1068 123 589 5819 4525 7794 1799 284 239 2050 1337 86 107 16216 6903 469 48 6600 2556 568 1718 1649 1718 1021 329 430 19221 25608 126 2322 1260 0 0 0 0 0 0 0 0 0 0 0 0 0 0 0 0 0 0 0 0 0 0 0 0 0 0 0 0 0 0 0 0 0 0 0 0 0 0 0 0 0 0 0 0 0 0 0
3881 3045 1100 42 96 3729 391 134 69 64 605 171 208 1781 443 7 427 148 177 34 793 569 20928 10 644 1221 16215 15 4 881 881 1364 2148 642 165 19 12282 674 343 1248 1946 1302 197 4298 1782 197 16960 711 4 12 2254 409 3548 2 7546 5 621 4 202 569 2281 6056 33 249 6783 1 920 11 50 31 48 209 59 0 0 0 0 0 0 0 0 0 0 0 0 0 0 0 0 0 0 0 0 0 0 0 0 0 0 0
15820 2557 4479 35 30 72 9 1990 79 1733 1 571 5101 282 148 3261 19436 30 231 118 208 581 521 9 53 22 23 39 34 702 61 3476 94 451 1870 10588 21731 292 1399 30796 10588 2703 94 706 1473 355 15828 9025 94 19433 1123 98 5005 100 16209 5638 94 56 463 508 11973 144 525 77 8534 12 469 4485 144 30797 292 7 1107 15820 1484 10588 2338 2733 19419 5190 1572 2217 113 2751 6631 3344 2511 525 335 630 11852 7425 5365 481 0 0 0 0 0 0
990 693 1031 45 2305 1507 1393 1833 93 1310 4607 3015 1313 199 68 1066 220 135 10 276 871 564 913 12852 1232 6030 146 6 51 22 428 1953 428 278 839 4880 839 1401 5390 1920 1416 899 16 923 624 186 734 564 18 596 809 98 0 0 0 0 0 0 0 0 0 0 0 0 0 0 0 0 0 0 0 0 0 0 0 0 0 0 0 0 0 0 0 0 0 0 0 0 0 0 0 0 0 0 0 0 0 0 0 0
9 47 4579 21637 96 1087 2332 105 3 205 19 128 1745 142 1602 146 2412 21635 117 3658 2424 541 262 12017 262 230 220 12017 6 32 1287 230 332 3390 332 142 332 26 332 76 332 1527 332 3259 300 981 949 902 888 4813 6566 3 2 21 1034 5963 325 5347 2623 2 9668 161 29 2048 4910 32 190 1512 94 1855 1153 0 0 0 0 0 0 0 0 0 0 0 0 0 0 0 0 0 0 0 0 0 0 0 0 0 0 0 0 0
13 8413 1775 7 2007 1300 5887 540 3774 402 9630 1245 9624 57 125 1255 733 705 1559 95 57 834 1848 57 3409 956 735 278 318 79 4 4925 323 72 359 2 5415 66 7870 3083 3258 125 2245 12855 171 10301 4741 57 66 167 57 13597 1395 237 2932 216 158 25 21 3985 3816 2897 517 1415 8363 21619 453 87 67 0 0 0 0 0 0 0 0 0 0 0 0 0 0 0 0 0 0 0 0 0 0 0 0 0 0 0 0 0 0 0
2 1 189 51 0 0 0 0 0 0 0 0 0 0 0 0 0 0 0 0 0 0 0 0 0 0 0 0 0 0 0 0 0 0 0 0 0 0 0 0 0 0 0 0 0 0 0 0 0 0 0 0 0 0 0 0 0 0 0 0 0 0 0 0 0 0 0 0 0 0 0 0 0 0 0 0 0 0 0 0 0 0 0 0 0 0 0 0 0 0 0 0 0 0 0 0 0 0 0 0
31 559 238 2430 209 1182 24 1277 33 2369 394 243 654 1872 14987 2276 83 281 3583 181 16255 11021 10298 42 181 1630 3781 9957 1776 1236 3023 1052 492 5927 146 293 1028 243 723 2400 54 154 499 18 526 243 28 7842 28 5 239 7662 7014 243 19 1417 1740 18 21 609 5 1841 4 1316 1456 7842 4 68 4786 397 7014 9299 215 19 172 211 1156 296 425 243 0 0 0 0 0 0 0 0 0 0 0 0 0 0 0 0 0 0 0 0
79 174 34 6041 10 120 1650 70 89 375 55 2284 1839 5072 590 650 264 502 558 189 3063 3118 1 7325 1073 276 2951 2076 272 320 39 1163 11872 90 467 13602 8 1940 5878 101 109 55 15 564 83 3 14 476 0 0 0 0 0 0 0 0 0 0 0 0 0 0 0 0 0 0 0 0 0 0 0 0 0 0 0 0 0 0 0 0 0 0 0 0 0 0 0 0 0 0 0 0 0 0 0 0 0 0 0 0
2053 522 13 202 1358 96 366 5 592 128 2342 9663 1 609 609 18 2342 3 165 24483 2 18588 401 1021 264 12866 329 1 3 151 151 75 1742 11999 971 2463 3 25 1787 2231 2731 2670 1681 112 11 6155 2231 4220 7961 29 151 1 156 326 164 401 21677 320 21 2 320 6 245 807 2391 410 447 3253 1718 8673 30675 2499 3672 253 3 1300 349 1325 14 140 457 14 1426 347 48 0 0 0 0 0 0 0 0 0 0 0 0 0 0 0
5 4509 8140 4608 1121 535 388 535 134 4509 137 712 535 388 535 1681 122 34 123 222 525 761 374 1008 1896 1666 85 7561 13620 16155 22 22 150 216 8012 345 623 3 22 6 25 644 47 4391 351 10338 4670 3557 345 5780 135 438 8785 7179 830 1 47 397 48 8785 2279 135 535 388 222 5 4084 222 3758 5 34 14199 1080 158 291 3755 690 1 2 5 4509 4 1790 2209 13824 6 49 77 557 459 1460 10984 77 10889 47 635 18 2688 3 241
30649 1108 21662 52 27 9 163 96 1665 121 105 313 679 2512 138 252 885 5353 129 20 8701 111 91 26 18 3117 1523 4 138 7 20 5 6143 9895 8701 111 20 41 17 508 91 4 3194 16138 32 2512 1 3318 169 46 140 4 477 44 10 46 30649 201 124 199 0 0 0 0 0 0 0 0 0 0 0 0 0 0 0 0 0 0 0 0 0 0 0 0 0 0 0 0 0 0 0 0 0 0 0 0 0 0 0 0
557 9219 163 5773 35 71 150 1208 6008 121 740 6 3959 169 9217 204 19399 793 1516 345 67 1 2 826 80 149 25664 226 3016 1000 163 417 4998 9392 2476 1133 311 196 7162 9688 1166 1166 354 109 262 1 943 827 2 847 17136 51 1018 14 610 98 8024 8460 6070 787 5381 588 0 0 0 0 0 0 0 0 0 0 0 0 0 0 0 0 0 0 0 0 0 0 0 0 0 0 0 0 0 0 0 0 0 0 0 0 0 0
3558 61 379 721 562 10 475 5 1242 10995 112 4 94 28 581 1390 97 10149 384 632 2782 1597 3967 418 668 800 3216 632 126 1746 3555 1009 766 968 1508 5630 4 7130 891 5198 4 5198 16 24679 2969 14877 2765 70 6100 283 14 868 736 18 11 3344 4243 7 16 83 249 3617 2050 10482 2003 10898 2146 1714 1484 32 5 115 25497 459 530 345 7 98 794 4524 1486 583 3389 13 303 1500 303 44 776 516 51 736 18 6091 840 11 10 38 124 170
1 230 4510 359 6605 6373 56 111 8299 111 3929 3396 20848 468 1 7450 174 13433 3929 2092 7315 100 3929 1 4089 18882 233 18882 742 30713 3929 29 6119 18883 30714 1460 5306 30715 1 902 1398 1741 5957 26 742 3929 312 23 180 164 6 63 4797 1 324 2 1125 26 180 12 23 6 262 33 249 2079 26190 209 6427 3 56 1530 373 165 6 7942 13453 261 3929 104 993 565 2711 1027 1530 3929 11444 1530 29 11101 4089 15964 1100 144 180 26175 5306 42 8609 21831
4199 70 3269 2878 193 46 57 1146 1725 2650 57 47 404 487 3222 1 2 16 15 368 62 2117 879 4876 1397 40 12863 2341 30692 1146 1 2 228 3634 493 21830 47 305 1725 2650 293 4 36 2650 436 291 1401 717 8 380 717 2650 347 63 4063 368 2117 14264 2799 59 170 0 0 0 0 0 0 0 0 0 0 0 0 0 0 0 0 0 0 0 0 0 0 0 0 0 0 0 0 0 0 0 0 0 0 0 0 0 0 0
1230 18914 10375 394 27 16168 9370 229 2 18914 3306 3180 3306 5414 245 2456 3306 1236 4095 6195 394 31 3541 402 2306 180 7239 704 666 433 86 8200 463 3097 1517 10375 7 85 461 681 4224 182 502 18 4224 10375 43 324 488 2458 19 120 885 31 4632 138 367 4 563 92 157 2 114 245 92 775 822 401 2681 1380 1062 822 222 1349 10375 59 124 199 1096 0 0 0 0 0 0 0 0 0 0 0 0 0 0 0 0 0 0 0 0 0
598 13924 238 254 1507 220 1947 434 3665 1403 606 1507 58 137 105 4489 3182 12 309 55 918 14222 1038 193 20878 20889 344 15500 377 5476 85 3336 10374 17076 97 87 4354 1122 244 672 14929 3766 14928 18706 4458 24677 86 8 10392 2149 86 1151 520 520 0 0 0 0 0 0 0 0 0 0 0 0 0 0 0 0 0 0 0 0 0 0 0 0 0 0 0 0 0 0 0 0 0 0 0 0 0 0 0 0 0 0 0 0 0 0
